11111011
11111110
11100000
11010011
11110111
11111110
11111011
11111011
11111011
11111011
11111011
11111011
11111011
11111011
11111011
11111011
11111011
11111011
11111011
11111011
11111011
11111011
11111011
11111011
11111011
11111011
11111011
11111011
11111011
11111011
11111011
11111011
11111110
11100110
11001101
11010111
11000110
11100110
11111111
11111101
11111101
11111101
11111101
11111101
11111101
11111101
11111101
11111101
11111101
11111101
11111101
11111101
11111101
11111101
11111101
11111101
11111101
11111101
11111101
11111101
11111101
11111101
11111101
11111101
11111000
11001101
11001100
11010000
11100000
11000110
11010001
11111101
11111110
11111100
11111100
11111100
11111100
11111100
11111100
11111100
11111100
11111100
11111100
11111100
11111100
11111100
11111100
11111100
11111100
11111100
11111100
11111100
11111100
11111100
11111100
11111100
11111110
11011101
11000001
10111111
11001111
11100010
11001100
11000000
11110111
11111110
11111100
11111100
11111100
11111100
11111100
11111100
11111100
11111100
11111100
11111100
11111100
11111100
11111100
11111100
11111100
11111100
11111100
11111100
11111100
11111100
11111100
11111100
11111101
11111000
11000010
10111000
10111111
11001111
11011111
11010001
10111000
11110011
11111110
11111100
11111100
11111100
11111100
11111100
11111100
11111100
11111100
11111100
11111100
11111100
11111100
11111100
11111100
11111100
11111100
11111100
11111100
11111100
11111100
11111100
11111100
11111110
11100101
10101111
10110100
11000000
11001111
11011101
11010011
10110101
11110010
11111110
11111100
11111100
11111100
11111100
11111100
11111100
11111100
11111100
11111100
11111100
11111100
11111100
11111100
11111100
11111100
11111100
11111100
11111100
11111100
11111100
11111100
11111100
11111111
11001110
10100100
10110100
11000010
11001111
11011100
11010010
10110100
11110101
11111110
11111100
11111100
11111100
11111100
11111100
11111100
11111100
11111100
11111100
11111100
11111100
11111100
11111100
11111100
11111100
11111100
11111100
11111100
11111100
11111100
11111100
11111101
11111101
10111010
10011101
10110110
11000110
11010000
11011100
11001110
10111000
11111010
11111101
11111100
11111100
11111100
11111100
11111100
11111100
11111100
11111100
11111100
11111100
11111100
11111100
11111100
11111100
11111100
11111100
11111100
11111100
11111100
11111100
11111100
11111110
11111001
10101110
10011001
10111001
11001011
11010011
11011101
11001000
11000011
11111110
11111100
11111100
11111100
11111100
11111100
11111100
11111100
11111100
11111100
11111100
11111100
11111100
11111100
11111100
11111100
11111100
11111100
11111100
11111100
11111100
11111100
11111100
11111110
11110110
10101011
10010110
10111010
11001111
11010110
11011111
11000000
11011000
11111111
11111100
11111100
11111100
11111100
11111100
11111100
11111100
11111100
11111100
11111100
11111100
11111100
11111100
11111100
11111100
11111100
11111100
11111100
11111100
11111100
11111100
11111100
11111110
11111000
10110010
10010110
10111000
11010001
11011010
11100001
10111110
11101111
11111110
11111100
11111100
11111100
11111100
11111100
11111100
11111100
11111100
11111100
11111100
11111100
11111100
11111100
11111100
11111100
11111100
11111100
11111100
11111100
11111100
11111100
11111100
11111110
11111011
11000011
10011100
10110011
11001111
11011111
11010111
11000111
11111101
11111100
11111100
11111100
11111100
11111100
11111100
11111100
11111100
11111100
11111100
11111100
11111100
11111100
11111100
11111100
11111100
11111100
11111100
11111100
11111100
11111100
11111100
11111100
11111101
11111111
11011100
10101100
10110001
10111110
10101100
10010001
11100111
11111111
11111100
11111100
11111100
11111100
11111100
11111100
11111100
11111100
11111100
11111100
11111100
11111100
11111100
11111100
11111100
11111100
11111100
11111100
11111100
11111100
11111100
11111100
11111100
11111100
11111111
11110010
11001101
10011011
10100111
11000111
10101100
11111001
11111101
11111100
11111100
11111100
11111100
11111100
11111100
11111100
11111100
11111100
11111100
11111100
11111100
11111100
11111100
11111100
11111100
11111100
11111100
11111100
11111100
11111100
11111100
11111100
11111100
11111110
11111110
11100110
10011111
10010101
01111000
10111001
11111110
11111100
11111100
11111101
11111101
11111100
11111100
11111100
11111100
11111100
11111100
11111100
11111100
11111100
11111100
11111100
11111100
11111100
11111100
11111100
11111100
11111100
11111100
11111100
11111100
11111100
11111100
11111111
11111010
10100010
10010011
10110110
11010101
11111111
11111101
11111100
11111100
11111110
11111100
11111100
11111100
11111100
11111100
11111100
11111100
11111100
11111100
11111100
11111100
11111100
11111100
11111100
11111100
11111100
11111100
11111100
11111100
11111100
11111100
11111100
11111110
11111000
10011011
10101011
10110010
10110101
10111011
11000010
11000111
11010101
11111100
11111101
11111100
11111100
11111100
11111100
11111100
11111100
11111100
11111100
11111100
11111100
11111100
11111100
11111100
11111100
11111100
11111100
11111100
11111100
11111100
11111100
11111100
11111111
11010110
10010010
10111001
10101011
10110010
10111001
11000000
11001000
11011000
11111110
11111100
11111100
11111100
11111100
11111100
11111100
11111100
11111100
11111100
11111100
11111100
11111100
11111100
11111100
11111100
11111100
11111100
11111100
11111100
11111100
11111100
11111111
11010111
10010010
10101000
10101100
10110000
10110011
10110110
11000001
11001011
11100001
11111110
11111100
11111100
11111100
11111100
11111100
11111100
11111100
11111100
11111100
11111100
11111100
11111100
11111100
11111100
11111100
11111100
11111100
11111100
11111100
11111100
11111111
11000100
10011110
10101111
10110010
10110110
10110111
10111011
10111110
11001100
11001000
11101111
11111110
11111100
11111100
11111100
11111100
11111100
11111100
11111100
11111100
11111100
11111100
11111100
11111100
11111100
11111100
11111100
11111100
11111100
11111100
11111100
11111111
10110011
10110011
10111100
10111010
10111110
11000011
11000100
11000101
11000111
11010100
11000111
11111100
11111100
11111100
11111100
11111100
11111100
11111100
11111100
11111100
11111100
11111100
11111100
11111100
11111100
11111100
11111100
11111100
11111100
11111100
11111100
11111011
10100110
11001011
11001010
11000111
11000100
11001001
11001110
11001111
11010000
11010101
11001101
11010111
11111111
11111100
11111100
11111100
11111100
11111100
11111100
11111100
11111100
11111100
11111100
11111100
11111100
11111100
11111100
11111100
11111100
11111100
11111100
11111100
10101011
10111001
11011001
11010100
11010001
11001111
11010010
11011000
11011001
11011010
11100001
10111111
11110000
11111110
11111100
11111100
11111100
11111100
11111100
11111100
11111100
11111100
11111100
11111100
11111100
11111100
11111100
11111100
11111100
11111100
11111100
11111101
11111000
10110001
10101110
11010101
11011001
11011010
11011001
11011011
11100001
11100010
11100101
11011001
11000100
11111110
11111100
11111100
11111100
11111100
11111100
11111100
11111100
11111100
11111100
11111100
11111100
11111100
11111100
11111100
11111100
11111100
11111100
11111100
11111110
11111101
11000010
10100110
11001011
11010010
11010100
11011000
11011110
11100110
11101000
11101001
10111100
11100101
11111110
11111100
11111100
11111100
11111100
11111100
11111100
11111100
11111100
11111100
11111100
11111100
11111100
11111100
11111100
11111100
11111100
11111100
11111100
11111101
11111111
11011001
10101010
11000011
11010010
11001111
11001111
11010101
11100001
11011111
11010010
10110111
11111110
11111100
11111100
11111100
11111100
11111100
11111100
11111100
11111100
11111100
11111100
11111100
11111100
11111100
11111100
11111100
11111100
11111100
11111100
11111100
11111100
11111111
11101111
10111001
10111001
11010011
11010110
11010011
11010101
11010111
11010011
10101010
11100001
11111110
11111100
11111100
11111100
11111100
11111100
11111100
11111100
11111100
11111100
11111100
11111100
11111100
11111100
11111100
11111100
11111100
11111100
11111100
11111100
11111100
11111110
11111101
11010111
10111000
11001010
11011011
11010100
11001101
11010110
10111111
10110001
11111111
11111100
11111100
11111100
11111100
11111100
11111100
11111100
11111100
11111100
11111100
11111100
11111100
11111100
11111100
11111100
11111100
11111100
11111100
11111100
11111100
11111100
11111101
11111111
11110101
11010001
11000001
11001000
11000111
11000111
11010110
10011101
11101010
11111110
11111100
11111100
11111100
11111100
11111100
11111100
11111100
11111100
11111100
11111100
11111100
11111100
11111100
11111100
11111100
11111100
11111100
11111100
11111100
11111100
11111100
11111100
11111101
11111111
11110010
11001110
10110011
10101011
11000001
10111000
11000000
11111111
11111101
11111101
11111101
11111101
11111101
11111101
11111101
11111101
11111101
11111101
11111101
11111101
11111101
11111101
11111101
11111101
11111101
11111101
11111101
11111101
11111101
11111101
11111101
11111101
11111110
11111111
11110101
11010001
10100110
10101001
10100010
11111011
11111011
11111011
11111011
11111011
11111011
11111011
11111011
11111011
11111011
11111011
11111011
11111011
11111011
11111011
11111011
11111011
11111011
11111011
11111011
11111011
11111011
11111011
11111011
11111011
11111011
11111011
11111100
11111110
11111010
11011100
10110110
11110011